Сторона 2 -> Нету: 0.0; Одно: 0.0012; Два: 0.048; Три: 0.9508
Сторона 3 -> Нету: 0.0; Одно: 0.004; Два: 0.0956; Три: 0.9004
Сторона 4 -> Нету: 0.0; Одно: 0.0108; Два: 0.1284; Три: 0.8608
Сторона 5 -> Нету: 0.0004; Одно: 0.0144; Два: 0.1768; Три: 0.8084
Сторона 6 -> Нету: 0.0004; Одно: 0.02; Два: 0.1952; Три: 0.7844
Сторона 7 -> Нету: 0.0004; Одно: 0.0268; Два: 0.2444; Три: 0.7284
Сторона 8 -> Нету: 0.0016; Одно: 0.0296; Два: 0.2424; Три: 0.7264
Сторона 9 -> Нету: 0.0012; Одно: 0.0408; Два: 0.2608; Три: 0.6972
Сторона 10 -> Нету: 0.0004; Одно: 0.038; Два: 0.2836; Три: 0.678
Сторона 11 -> Нету: 0.002; Одно: 0.04; Два: 0.2912; Три: 0.6668
Сторона 12 -> Нету: 0.0008; Одно: 0.0464; Два: 0.3048; Три: 0.648
Сторона 13 -> Нету: 0.0024; Одно: 0.0516; Два: 0.3232; Три: 0.6228
Сторона 14 -> Нету: 0.0048; Одно: 0.0588; Два: 0.3176; Три: 0.6188
Сторона 15 -> Нету: 0.002; Одно: 0.066; Два: 0.3432; Три: 0.5888
Сторона 16 -> Нету: 0.0036; Одно: 0.0748; Два: 0.3488; Три: 0.5728
Сторона 17 -> Нету: 0.0036; Одно: 0.0704; Два: 0.3492; Три: 0.5768
Сторона 18 -> Нету: 0.004; Одно: 0.0748; Два: 0.3644; Три: 0.5568
Сторона 19 -> Нету: 0.0052; Одно: 0.0728; Два: 0.3564; Три: 0.5656
Сторона 20 -> Нету: 0.0076; Одно: 0.0868; Два: 0.358; Три: 0.5476
Сторона 21 -> Нету: 0.0076; Одно: 0.076; Два: 0.3856; Три: 0.5308
Сторона 22 -> Нету: 0.0044; Одно: 0.0984; Два: 0.3684; Три: 0.5288
Сторона 23 -> Нету: 0.0084; Одно: 0.0956; Два: 0.36; Три: 0.536
Сторона 24 -> Нету: 0.0068; Одно: 0.0856; Два: 0.3844; Три: 0.5232
Сторона 25 -> Нету: 0.0044; Одно: 0.098; Два: 0.3908; Три: 0.5068
Сторона 26 -> Нету: 0.0064; Одно: 0.104; Два: 0.3952; Три: 0.4944
Сторона 27 -> Нету: 0.0072; Одно: 0.1048; Два: 0.3796; Три: 0.5084
Сторона 28 -> Нету: 0.0116; Одно: 0.0972; Два: 0.3968; Три: 0.4944
Сторона 29 -> Нету: 0.01; Одно: 0.1016; Два: 0.402; Три: 0.4864
Сторона 30 -> Нету: 0.0124; Одно: 0.1012; Два: 0.4044; Три: 0.482
Сторона 31 -> Нету: 0.0096; Одно: 0.122; Два: 0.384; Три: 0.4844
Сторона 32 -> Нету: 0.0128; Одно: 0.1052; Два: 0.3828; Три: 0.4992
Сторона 33 -> Нету: 0.0116; Одно: 0.1244; Два: 0.3972; Три: 0.4668
Сторона 34 -> Нету: 0.0088; Одно: 0.1188; Два: 0.422; Три: 0.4504
Сторона 35 -> Нету: 0.0132; Одно: 0.1136; Два: 0.4076; Три: 0.4656
Сторона 36 -> Нету: 0.008; Одно: 0.1312; Два: 0.412; Три: 0.4488
Сторона 37 -> Нету: 0.0108; Одно: 0.126; Два: 0.4052; Три: 0.458
Сторона 38 -> Нету: 0.014; Одно: 0.122; Два: 0.4068; Три: 0.4572
Сторона 39 -> Нету: 0.018; Одно: 0.1316; Два: 0.4124; Три: 0.438
Сторона 40 -> Нету: 0.0084; Одно: 0.1296; Два: 0.432; Три: 0.43
Сторона 41 -> Нету: 0.016; Одно: 0.1364; Два: 0.3956; Три: 0.452
Сторона 42 -> Нету: 0.0132; Одно: 0.1252; Два: 0.4296; Три: 0.432
Сторона 43 -> Нету: 0.0144; Одно: 0.1324; Два: 0.4208; Три: 0.4324
Сторона 44 -> Нету: 0.0092; Одно: 0.1288; Два: 0.4264; Три: 0.4356
Сторона 45 -> Нету: 0.0152; Одно: 0.1332; Два: 0.4152; Три: 0.4364
Сторона 46 -> Нету: 0.014; Одно: 0.132; Два: 0.4304; Три: 0.4236
Сторона 47 -> Нету: 0.0156; Одно: 0.1472; Два: 0.416; Три: 0.4212
Сторона 48 -> Нету: 0.0152; Одно: 0.1556; Два: 0.4164; Три: 0.4128
Сторона 49 -> Нету: 0.0184; Одно: 0.1352; Два: 0.4228; Три: 0.4236
Сторона 50 -> Нету: 0.0176; Одно: 0.1356; Два: 0.4204; Три: 0.4264
Сторона 51 -> Нету: 0.014; Одно: 0.1504; Два: 0.4252; Три: 0.4104
Сторона 52 -> Нету: 0.0192; Одно: 0.1588; Два: 0.4128; Три: 0.4092
Сторона 53 -> Нету: 0.0172; Одно: 0.1664; Два: 0.424; Три: 0.3924
Сторона 54 -> Нету: 0.0168; Одно: 0.152; Два: 0.4364; Три: 0.3948
Сторона 55 -> Нету: 0.0192; Одно: 0.1472; Два: 0.4196; Три: 0.414
Сторона 56 -> Нету: 0.0156; Одно: 0.1556; Два: 0.4292; Три: 0.3996
Сторона 57 -> Нету: 0.0176; Одно: 0.1656; Два: 0.4192; Три: 0.3976
Сторона 58 -> Нету: 0.018; Одно: 0.1572; Два: 0.4356; Три: 0.3892
Сторона 59 -> Нету: 0.0184; Одно: 0.1672; Два: 0.438; Три: 0.3764
Сторона 60 -> Нету: 0.0224; Одно: 0.1696; Два: 0.4208; Три: 0.3872
Сторона 61 -> Нету: 0.0236; Одно: 0.1612; Два: 0.432; Три: 0.3832
Сторона 62 -> Нету: 0.0228; Одно: 0.1512; Два: 0.4244; Три: 0.4016
Сторона 63 -> Нету: 0.018; Одно: 0.1592; Два: 0.4344; Три: 0.3884
Сторона 64 -> Нету: 0.0216; Одно: 0.1588; Два: 0.4212; Три: 0.3984
Сторона 65 -> Нету: 0.0172; Одно: 0.1728; Два: 0.4328; Три: 0.3772
Сторона 66 -> Нету: 0.0188; Одно: 0.1716; Два: 0.442; Три: 0.3676
Сторона 67 -> Нету: 0.0212; Одно: 0.1756; Два: 0.4176; Три: 0.3856
Сторона 68 -> Нету: 0.024; Одно: 0.1568; Два: 0.4388; Три: 0.3804
Сторона 69 -> Нету: 0.0196; Одно: 0.1688; Два: 0.4448; Три: 0.3668
Сторона 70 -> Нету: 0.0272; Одно: 0.1708; Два: 0.4304; Три: 0.3716
Сторона 71 -> Нету: 0.0228; Одно: 0.1712; Два: 0.4484; Три: 0.3576
Сторона 72 -> Нету: 0.0196; Одно: 0.1856; Два: 0.432; Три: 0.3628
Сторона 73 -> Нету: 0.0152; Одно: 0.1704; Два: 0.4508; Три: 0.3636
Сторона 74 -> Нету: 0.0232; Одно: 0.178; Два: 0.4304; Три: 0.3684